13B7:0100  4D 5A 90 00 03 00 00 00-04 00 00 00 FF FF 00 00   MZ..............
13B7:0110  B8 00 00 00 00 00 00 00-40 00 00 00 00 00 00 00   ........@.......
13B7:0120  00 00 00 00 00 00 00 00-00 00 00 00 00 00 00 00   ................
13B7:0130  00 00 00 00 00 00 00 00-00 00 00 00 B0 00 00 00   ................
13B7:0140  0E 1F BA 0E 00 B4 09 CD-21 B8 01 4C CD 21 54 68   ........!..L.!Th
13B7:0150  69 73 20 70 72 6F 67 72-61 6D 20 63 61 6E 6E 6F   is program canno
13B7:0160  74 20 62 65 20 72 75 6E-20 69 6E 20 44 4F 53 20   t be run in DOS 
13B7:0170  6D 6F 64 65 2E 0D 0D 0A-24 00 00 00 00 00 00 00   mode....$.......
13B7:0180  5D 5C 6D C1 19 3D 03 92-19 3D 03 92 19 3D 03 92   ]\m..=...=...=..
13B7:0190  97 22 10 92 1E 3D 03 92-E5 1D 11 92 18 3D 03 92   ."...=.......=..
13B7:01A0  52 69 63 68 19 3D 03 92-00 00 00 00 00 00 00 00   Rich.=..........
13B7:01B0  50 45 00 00 4C 01 03 00-D2 24 F6 4B 00 00 00 00   PE..L....$.K....
13B7:01C0  00 00 00 00 E0 00 0F 01-0B 01 05 0C 00 02 00 00   ................
13B7:01D0  00 04 00 00 00 00 00 00-00 10 00 00 00 10 00 00   ................
13B7:01E0  00 20 00 00 00 00 40 00-00 10 00 00 00 02 00 00   . ....@.........
13B7:01F0  04 00 00 00 00 00 00 00-04 00 00 00 00 00 00 00   ................
13B7:0200  00 40 00 00 00 04 00 00-00 00 00 00 02 00 00 00   .@..............
13B7:0210  00 00 10 00 00 10 00 00-00 00 10 00 00 10 00 00   ................
13B7:0220  00 00 00 00 10 00 00 00-00 00 00 00 00 00 00 00   ................
13B7:0230  10 20 00 00 3C 00 00 00-00 00 00 00 00 00 00 00   . ..<...........
13B7:0240  00 00 00 00 00 00 00 00-00 00 00 00 00 00 00 00   ................
13B7:0250  00 00 00 00 00 00 00 00-00 00 00 00 00 00 00 00   ................
13B7:0260  00 00 00 00 00 00 00 00-00 00 00 00 00 00 00 00   ................
13B7:0270  00 00 00 00 00 00 00 00-00 00 00 00 00 00 00 00   ................
13B7:0280  00 00 00 00 00 00 00 00-00 20 00 00 10 00 00 00   ......... ......
13B7:0290  00 00 00 00 00 00 00 00-00 00 00 00 00 00 00 00   ................
13B7:02A0  00 00 00 00 00 00 00 00-2E 74 65 78 74 00 00 00   .........text...
13B7:02B0  24 00 00 00 00 10 00 00-00 02 00 00 00 04 00 00   $...............
13B7:02C0  00 00 00 00 00 00 00 00-00 00 00 00 20 00 00 60   ............ ..`
13B7:02D0  2E 72 64 61 74 61 00 00-92 00 00 00 00 20 00 00   .rdata....... ..
13B7:02E0  00 02 00 00 00 06 00 00-00 00 00 00 00 00 00 00   ................
13B7:02F0  00 00 00 00 40 00 00 40-2E 64 61 74 61 00 00 00   ....@..@.data...
13B7:0300  0B 00 00 00 00 30 00 00-00 02 00 00 00 08 00 00   .....0..........
13B7:0310  00 00 00 00 00 00 00 00-00 00 00 00 40 00 00 C0   ............@...
13B7:0320  00 00 00 00 00 00 00 00-00 00 00 00 00 00 00 00   ................
13B7:0330  00 00 00 00 00 00 00 00-00 00 00 00 00 00 00 00   ................
13B7:0340  00 00 00 00 00 00 00 00-00 00 00 00 00 00 00 00   ................
13B7:0350  00 00 00 00 00 00 00 00-00 00 00 00 00 00 00 00   ................
13B7:0360  00 00 00 00 00 00 00 00-00 00 00 00 00 00 00 00   ................
13B7:0370  00 00 00 00 00 00 00 00-00 00 00 00 00 00 00 00   ................
13B7:0380  00 00 00 00 00 00 00 00-00 00 00 00 00 00 00 00   ................
13B7:0390  00 00 00 00 00 00 00 00-00 00 00 00 00 00 00 00   ................
13B7:03A0  00 00 00 00 00 00 00 00-00 00 00 00 00 00 00 00   ................
13B7:03B0  00 00 00 00 00 00 00 00-00 00 00 00 00 00 00 00   ................
13B7:03C0  00 00 00 00 00 00 00 00-00 00 00 00 00 00 00 00   ................
13B7:03D0  00 00 00 00 00 00 00 00-00 00 00 00 00 00 00 00   ................
13B7:03E0  00 00 00 00 00 00 00 00-00 00 00 00 00 00 00 00   ................
13B7:03F0  00 00 00 00 00 00 00 00-00 00 00 00 00 00 00 00   ................
13B7:0400  00 00 00 00 00 00 00 00-00 00 00 00 00 00 00 00   ................
13B7:0410  00 00 00 00 00 00 00 00-00 00 00 00 00 00 00 00   ................
13B7:0420  00 00 00 00 00 00 00 00-00 00 00 00 00 00 00 00   ................
13B7:0430  00 00 00 00 00 00 00 00-00 00 00 00 00 00 00 00   ................
13B7:0440  00 00 00 00 00 00 00 00-00 00 00 00 00 00 00 00   ................
13B7:0450  00 00 00 00 00 00 00 00-00 00 00 00 00 00 00 00   ................
13B7:0460  00 00 00 00 00 00 00 00-00 00 00 00 00 00 00 00   ................
13B7:0470  00 00 00 00 00 00 00 00-00 00 00 00 00 00 00 00   ................
13B7:0480  00 00 00 00 00 00 00 00-00 00 00 00 00 00 00 00   ................
13B7:0490  00 00 00 00 00 00 00 00-00 00 00 00 00 00 00 00   ................
13B7:04A0  00 00 00 00 00 00 00 00-00 00 00 00 00 00 00 00   ................
13B7:04B0  00 00 00 00 00 00 00 00-00 00 00 00 00 00 00 00   ................
13B7:04C0  00 00 00 00 00 00 00 00-00 00 00 00 00 00 00 00   ................
13B7:04D0  00 00 00 00 00 00 00 00-00 00 00 00 00 00 00 00   ................
13B7:04E0  00 00 00 00 00 00 00 00-00 00 00 00 00 00 00 00   ................
13B7:04F0  00 00 00 00 00 00 00 00-00 00 00 00 00 00 00 00   ................
13B7:0500  6A 00 6A 00 68 00 30 40-00 6A 00 E8 08 00 00 00   j.j.h.0@.j......
13B7:0510  6A 00 E8 07 00 00 00 CC-FF 25 08 20 40 00 FF 25   j........%. @..%
13B7:0520  00 20 40 00 00 00 00 00-00 00 00 00 00 00 00 00   . @.............
13B7:0530  00 00 00 00 00 00 00 00-00 00 00 00 00 00 00 00   ................
13B7:0540  00 00 00 00 00 00 00 00-00 00 00 00 00 00 00 00   ................
13B7:0550  00 00 00 00 00 00 00 00-00 00 00 00 00 00 00 00   ................
13B7:0560  00 00 00 00 00 00 00 00-00 00 00 00 00 00 00 00   ................
13B7:0570  00 00 00 00 00 00 00 00-00 00 00 00 00 00 00 00   ................
13B7:0580  00 00 00 00 00 00 00 00-00 00 00 00 00 00 00 00   ................
13B7:0590  00 00 00 00 00 00 00 00-00 00 00 00 00 00 00 00   ................
13B7:05A0  00 00 00 00 00 00 00 00-00 00 00 00 00 00 00 00   ................
13B7:05B0  00 00 00 00 00 00 00 00-00 00 00 00 00 00 00 00   ................
13B7:05C0  00 00 00 00 00 00 00 00-00 00 00 00 00 00 00 00   ................
13B7:05D0  00 00 00 00 00 00 00 00-00 00 00 00 00 00 00 00   ................
13B7:05E0  00 00 00 00 00 00 00 00-00 00 00 00 00 00 00 00   ................
13B7:05F0  00 00 00 00 00 00 00 00-00 00 00 00 00 00 00 00   ................
13B7:0600  00 00 00 00 00 00 00 00-00 00 00 00 00 00 00 00   ................
13B7:0610  00 00 00 00 00 00 00 00-00 00 00 00 00 00 00 00   ................
13B7:0620  00 00 00 00 00 00 00 00-00 00 00 00 00 00 00 00   ................
13B7:0630  00 00 00 00 00 00 00 00-00 00 00 00 00 00 00 00   ................
13B7:0640  00 00 00 00 00 00 00 00-00 00 00 00 00 00 00 00   ................
13B7:0650  00 00 00 00 00 00 00 00-00 00 00 00 00 00 00 00   ................
13B7:0660  00 00 00 00 00 00 00 00-00 00 00 00 00 00 00 00   ................
13B7:0670  00 00 00 00 00 00 00 00-00 00 00 00 00 00 00 00   ................
13B7:0680  00 00 00 00 00 00 00 00-00 00 00 00 00 00 00 00   ................
13B7:0690  00 00 00 00 00 00 00 00-00 00 00 00 00 00 00 00   ................
13B7:06A0  00 00 00 00 00 00 00 00-00 00 00 00 00 00 00 00   ................
13B7:06B0  00 00 00 00 00 00 00 00-00 00 00 00 00 00 00 00   ................
13B7:06C0  00 00 00 00 00 00 00 00-00 00 00 00 00 00 00 00   ................
13B7:06D0  00 00 00 00 00 00 00 00-00 00 00 00 00 00 00 00   ................
13B7:06E0  00 00 00 00 00 00 00 00-00 00 00 00 00 00 00 00   ................
13B7:06F0  00 00 00 00 00 00 00 00-00 00 00 00 00 00 00 00   ................
13B7:0700  76 20 00 00 00 00 00 00-5C 20 00 00 00 00 00 00   v ......\ ......
13B7:0710  54 20 00 00 00 00 00 00-00 00 00 00 6A 20 00 00   T ..........j ..
13B7:0720  08 20 00 00 4C 20 00 00-00 00 00 00 00 00 00 00   . ..L ..........
13B7:0730  84 20 00 00 00 20 00 00-00 00 00 00 00 00 00 00   . ... ..........
13B7:0740  00 00 00 00 00 00 00 00-00 00 00 00 76 20 00 00   ............v ..
13B7:0750  00 00 00 00 5C 20 00 00-00 00 00 00 9D 01 4D 65   ....\ ........Me
13B7:0760  73 73 61 67 65 42 6F 78-41 00 75 73 65 72 33 32   ssageBoxA.user32
13B7:0770  2E 64 6C 6C 00 00 80 00-45 78 69 74 50 72 6F 63   .dll....ExitProc
13B7:0780  65 73 73 00 6B 65 72 6E-65 6C 33 32 2E 64 6C 6C   ess.kernel32.dll
13B7:0790  00 00 00 00 00 00 00 00-00 00 00 00 00 00 00 00   ................
13B7:07A0  00 00 00 00 00 00 00 00-00 00 00 00 00 00 00 00   ................
13B7:07B0  00 00 00 00 00 00 00 00-00 00 00 00 00 00 00 00   ................
13B7:07C0  00 00 00 00 00 00 00 00-00 00 00 00 00 00 00 00   ................
13B7:07D0  00 00 00 00 00 00 00 00-00 00 00 00 00 00 00 00   ................
13B7:07E0  00 00 00 00 00 00 00 00-00 00 00 00 00 00 00 00   ................
13B7:07F0  00 00 00 00 00 00 00 00-00 00 00 00 00 00 00 00   ................
13B7:0800  00 00 00 00 00 00 00 00-00 00 00 00 00 00 00 00   ................
13B7:0810  00 00 00 00 00 00 00 00-00 00 00 00 00 00 00 00   ................
13B7:0820  00 00 00 00 00 00 00 00-00 00 00 00 00 00 00 00   ................
13B7:0830  00 00 00 00 00 00 00 00-00 00 00 00 00 00 00 00   ................
13B7:0840  00 00 00 00 00 00 00 00-00 00 00 00 00 00 00 00   ................
13B7:0850  00 00 00 00 00 00 00 00-00 00 00 00 00 00 00 00   ................
13B7:0860  00 00 00 00 00 00 00 00-00 00 00 00 00 00 00 00   ................
13B7:0870  00 00 00 00 00 00 00 00-00 00 00 00 00 00 00 00   ................
13B7:0880  00 00 00 00 00 00 00 00-00 00 00 00 00 00 00 00   ................
13B7:0890  00 00 00 00 00 00 00 00-00 00 00 00 00 00 00 00   ................
13B7:08A0  00 00 00 00 00 00 00 00-00 00 00 00 00 00 00 00   ................
13B7:08B0  00 00 00 00 00 00 00 00-00 00 00 00 00 00 00 00   ................
13B7:08C0  00 00 00 00 00 00 00 00-00 00 00 00 00 00 00 00   ................
13B7:08D0  00 00 00 00 00 00 00 00-00 00 00 00 00 00 00 00   ................
13B7:08E0  00 00 00 00 00 00 00 00-00 00 00 00 00 00 00 00   ................
13B7:08F0  00 00 00 00 00 00 00 00-00 00 00 00 00 00 00 00   ................
13B7:0900  48 65 6C 6C 6F 57 6F 72-6C 64 00 00 00 00 00 00   HelloWorld......
13B7:0910  00 00 00 00 00 00 00 00-00 00 00 00 00 00 00 00   ................
13B7:0920  00 00 00 00 00 00 00 00-00 00 00 00 00 00 00 00   ................
13B7:0930  00 00 00 00 00 00 00 00-00 00 00 00 00 00 00 00   ................
13B7:0940  00 00 00 00 00 00 00 00-00 00 00 00 00 00 00 00   ................
13B7:0950  00 00 00 00 00 00 00 00-00 00 00 00 00 00 00 00   ................
13B7:0960  00 00 00 00 00 00 00 00-00 00 00 00 00 00 00 00   ................
13B7:0970  00 00 00 00 00 00 00 00-00 00 00 00 00 00 00 00   ................
13B7:0980  00 00 00 00 00 00 00 00-00 00 00 00 00 00 00 00   ................
13B7:0990  00 00 00 00 00 00 00 00-00 00 00 00 00 00 00 00   ................
13B7:09A0  00 00 00 00 00 00 00 00-00 00 00 00 00 00 00 00   ................
13B7:09B0  00 00 00 00 00 00 00 00-00 00 00 00 00 00 00 00   ................
13B7:09C0  00 00 00 00 00 00 00 00-00 00 00 00 00 00 00 00   ................
13B7:09D0  00 00 00 00 00 00 00 00-00 00 00 00 00 00 00 00   ................
13B7:09E0  00 00 00 00 00 00 00 00-00 00 00 00 00 00 00 00   ................
13B7:09F0  00 00 00 00 00 00 00 00-00 00 00 00 00 00 00 00   ................
13B7:0A00  00 00 00 00 00 00 00 00-00 00 00 00 00 00 00 00   ................
13B7:0A10  00 00 00 00 00 00 00 00-00 00 00 00 00 00 00 00   ................
13B7:0A20  00 00 00 00 00 00 00 00-00 00 00 00 00 00 00 00   ................
13B7:0A30  00 00 00 00 00 00 00 00-00 00 00 00 00 00 00 00   ................
13B7:0A40  00 00 00 00 00 00 00 00-00 00 00 00 00 00 00 00   ................
13B7:0A50  00 00 00 00 00 00 00 00-00 00 00 00 00 00 00 00   ................
13B7:0A60  00 00 00 00 00 00 00 00-00 00 00 00 00 00 00 00   ................
13B7:0A70  00 00 00 00 00 00 00 00-00 00 00 00 00 00 00 00   ................
13B7:0A80  00 00 00 00 00 00 00 00-00 00 00 00 00 00 00 00   ................
13B7:0A90  00 00 00 00 00 00 00 00-00 00 00 00 00 00 00 00   ................
13B7:0AA0  00 00 00 00 00 00 00 00-00 00 00 00 00 00 00 00   ................
13B7:0AB0  00 00 00 00 00 00 00 00-00 00 00 00 00 00 00 00   ................
13B7:0AC0  00 00 00 00 00 00 00 00-00 00 00 00 00 00 00 00   ................
13B7:0AD0  00 00 00 00 00 00 00 00-00 00 00 00 00 00 00 00   ................
13B7:0AE0  00 00 00 00 00 00 00 00-00 00 00 00 00 00 00 00   ................
13B7:0AF0  00 00 00 00 00 00 00 00-00 00 00 00 00 00 00 00   ................
